         0         0         0    0.5000
    0.0159         0         0    0.5635
    0.0317         0         0    0.6270
    0.0476         0         0    0.6905
    0.0635         0         0    0.7540
    0.0794         0         0    0.8175
    0.0952         0         0    0.8810
    0.1111         0         0    0.9444
    0.1270         0    0.0079    1.0000
    0.1429         0    0.0714    1.0000
    0.1587         0    0.1349    1.0000
    0.1746         0    0.1984    1.0000
    0.1905         0    0.2619    1.0000
    0.2063         0    0.3254    1.0000
    0.2222         0    0.3889    1.0000
    0.2381         0    0.4524    1.0000
    0.2540         0    0.5159    1.0000
    0.2698         0    0.5794    1.0000
    0.2857         0    0.6429    1.0000
    0.3016         0    0.7063    1.0000
    0.3175         0    0.7698    1.0000
    0.3333         0    0.8333    1.0000
    0.3492         0    0.8968    1.0000
    0.3651         0    0.9603    1.0000
    0.3810    0.0238    1.0000    0.9762
    0.3968    0.0873    1.0000    0.9127
    0.4127    0.1508    1.0000    0.8492
    0.4286    0.2143    1.0000    0.7857
    0.4444    0.2778    1.0000    0.7222
    0.4603    0.3413    1.0000    0.6587
    0.4762    0.4048    1.0000    0.5952
    0.4921    0.4683    1.0000    0.5317
    0.5079    0.5317    1.0000    0.4683
    0.5238    0.5952    1.0000    0.4048
    0.5397    0.6587    1.0000    0.3413
    0.5556    0.7222    1.0000    0.2778
    0.5714    0.7857    1.0000    0.2143
    0.5873    0.8492    1.0000    0.1508
    0.6032    0.9127    1.0000    0.0873
    0.6190    0.9762    1.0000    0.0238
    0.6349    1.0000    0.9603         0
    0.6508    1.0000    0.8968         0
    0.6667    1.0000    0.8333         0
    0.6825    1.0000    0.7698         0
    0.6984    1.0000    0.7063         0
    0.7143    1.0000    0.6429         0
    0.7302    1.0000    0.5794         0
    0.7460    1.0000    0.5159         0
    0.7619    1.0000    0.4524         0
    0.7778    1.0000    0.3889         0
    0.7937    1.0000    0.3254         0
    0.8095    1.0000    0.2619         0
    0.8254    1.0000    0.1984         0
    0.8413    1.0000    0.1349         0
    0.8571    1.0000    0.0714         0
    0.8730    1.0000    0.0079         0
    0.8889    0.9444         0         0
    0.9048    0.8810         0         0
    0.9206    0.8175         0         0
    0.9365    0.7540         0         0
    0.9524    0.6905         0         0
    0.9683    0.6270         0         0
    0.9841    0.5635         0         0
    1.0000    0.5000         0         0
